% month | date | suspected | active cases | cummulative recovered | cummulative death
   15     2 5792202     0     0     0
   16     2 5792202     0     0     0
   17     2 5792202     0     0     0
   18     2 5792202     0     0     0
   19     2 5792202     0     0     0
   20     2 5792202     0     0     0
   21     2 5792202     0     0     0
   22     2 5792202     0     0     0
   23     2 5792202     0     0     0
   24     2 5792202     0     0     0
   25     2 5792202     0     0     0
   26     2 5792202     0     0     0 
   27     2 5792201     1     0     0
   28     2 5792200     2     0     0
   29     2 5792199     3     0     0
    1     3 5792198     4     0     0
    2     3 5792198     4     0     0
    3     3 5792192    10     0     0
    4     3 5792188    14     0     0
    5     3 5792183    18     1     0
    6     3 5792181    20     1     0
    7     3 5792175    26     1     0
    8     3 5792167    34     1     0
    9     3 5792112    89     1     0
   10     3 5791940   261     1     0
   11     3 5791688   513     1     0
   12     3 5791528   673     1     0
   13     3 5791398   803     1     0
   14     3 5791366   834     1     1
   15     3 5791338   861     1     2
   16     3 5791288   909     1     4
   17     3 5791225   972     1     4
   18     3 5791145  1052     1     4
   19     3 5791051  1144     1     6
   20     3 5790947  1245     1     9
   21     3 5790876  1312     1    13
   22     3 5790807  1381     1    13
   23     3 5790742  1435     1    24
   24     3 5790611  1558     1    32
   25     3 5790478  1689     1    34
   26     3 5790325  1835     1    41
   27     3 5790156  1993     1    52
   28     3 5790001  2135     1    65
   29     3 5789807  2322     1    72
   30     3 5789625  2499     1    77
   31     3 5789342  2769     1    90
    1     4 5789095  2109   894   104
    2     4 5788816  2174  1089   123
    3     4 5788445  2425  1193   139
    4     4 5788125  2633  1283   161
    5     4 5787833  2863  1327   179
    6     4 5787521  3116  1378   187
    7     4 5787131  3377  1491   203
    8     4 5786800  3563  1621   218
    9     4 5786567  3662  1736   237
   10     4 5786383  3799  1773   247
   11     4 5786206  3781  1955   260
   12     4 5786028  3778  2123   273
   13     4 5785884  3798  2235   285
   14     4 5785691  3697  2515   299
   15     4 5785521  3624  2748   309
   16     4 5785323  3535  3023   321
   17     4 5785129  3348  3389   336
   18     4 5784960  3049  3847   346
   19     4 5784818  2888  4141   355
   20     4 5784687  2839  4312   364
   21     4 5784507  2625  4700   370
   22     4 5784290  2441  5087   384
   23     4 5784129  2295  5384   394
   24     4 5783992  2281  5526   403
   25     4 5783757  2358  5669   418
   26     4 5783627  2348  5805   422
   27     4 5783504  2312  5959   427
   28     4 5783351  2296  6121   434
   29     4 5783194  2199  6366   443
   30     4 5783044  2160  6546   452
    1     5 5782891  2122  6729   460
    2     5 5782795  2043  6889   475
    3     5 5782679  2052  6987   484
    4     5 5782532  2089  7088   493
    5     5 5782381  2022  7296   503
    6     5 5782264  1939  7493   506
    7     5 5782119  1858  7711   514
    8     5 5781984  1769  7927   522
    9     5 5781883  1700  8093   526
   10     5 5781773  1685  8217   527
   11     5 5781689  1658  8328   527
   12     5 5781611  1484  8580   527
   13     5 5781535  1471  8663   533
   14     5 5781489  1371  8805   537
   15     5 5781411  1295  8959   537
   16     5 5781344  1208  9107   543
   17     5 5781275  1153  9227   547
   18     5 5781234  1119  9301   548
   19     5 5781158  1077  9416   551
   20     5 5781085  1027  9536   554
   21     5 5781020   978  9643   561
   22     5 5780972   905  9764   561
   23     5 5780913   892  9836   561
   24     5 5780842   898  9900   562
   25     5 5780815   860  9964   563
   26     5 5780774   821 10044   563
   27     5 5780722   809 10106   565
   28     5 5780690   764 10180   568
   29     5 5780609   785 10240   568
   30     5 5780569   735 10327   571
   31     5 5780533   733 10362   574
    1     6 5780503   711 10412   576
    2     6 5780468   665 10489   580
