% month | date | suspected | active cases | cummulative recovered | cummulative death
   15     2 5421241     0     0     0 
   16     2 5421241     0     0     0
   17     2 5421241     0     0     0
   18     2 5421241     0     0     0
   19     2 5421241     0     0     0
   20     2 5421241     0     0     0
   21     2 5421241     0     0     0
   22     2 5421241     0     0     0
   23     2 5421241     0     0     0
   24     2 5421241     0     0     0
   25     2 5421241     0     0     0
   26     2 5421240     1     0     0
   27     2 5421237     4     0     0
   28     2 5421235     6     0     0
   29     2 5421226    15     0     0
    1     3 5421222    19     0     0
    2     3 5421216    25     0     0
    3     3 5421208    33     0     0
    4     3 5421182    59     0     0
    5     3 5421147    94     0     0
    6     3 5421114   126     1     0
    7     3 5421085   156     0     0
    8     3 5421065   175     1     0
    9     3 5421014   226     1     0
   10     3 5420841   399     1     0
   11     3 5420612   628     1     0
   12     3 5420441   798     1     1
   13     3 5420245   994     1     1
   14     3 5420132  1105     1     3
   15     3 5419985  1252     1     3
   16     3 5419893  1344     1     3
   17     3 5419770  1467     1     3
   18     3 5419650  1584     1     6
   19     3 5419451  1782     1     7
   20     3 5419282  1951     1     7
   21     3 5419077  2151     6     7
   22     3 5418856  2372     6     7
   23     3 5418616  2609     6    10
   24     3 5418375  2848     6    12
   25     3 5418157  3064     6    14
   26     3 5417869  3352     6    14
   27     3 5417470  3745     7    19
   28     3 5417226  3985     7    23
   29     3 5416957  4251     7    26
   30     3 5416796  4401    12    32
   31     3 5416600  4589    13    39
    1     4 5416364  4820    13    44
    2     4 5416094  5065    32    50
    3     4 5415871  5279    32    59
    4     4 5415691  5456    32    62
    5     4 5415554  5584    32    71
    6     4 5415376  5757    32    76
    7     4 5415155  5965    32    89
    8     4 5415199  5909    32   101
    9     4 5415022  6079    32   108
   10     4 5414927  6169    32   113
   11     4 5414832  6258    32   119
   12     4 5414716  6365    32   128
   13     4 5414638  6437    32   134
   14     4 5414618  6452    32   139
   15     4 5414444  6615    32   150
   16     4 5414336  6721    32   152
   17     4 5414304  6744    32   161
   18     4 5414205  6840    32   164
   19     4 5414163  6881    32   165
   20     4 5414085  6943    32   181
   21     4 5414000  7027    32   182
   22     4 5413903  7119    32   187
   23     4 5413840  7175    32   194
   24     4 5413778  7232    32   199
   25     4 5413748  7260    32   201
   26     4 5413714  7294    32   201
   27     4 5413642  7362    32   205
   28     4 5413581  7422    32   206
   29     4 5413531  7471    32   207
   30     4 5413503  7496    32   210
    1     5 5413458  7541    32   210
    2     5 5413432  7566    32   211
    3     5 5413394  7604    32   211
    4     5 5413337  7658    32   214
    5     5 5413286  7708    32   215
    6     5 5413245  7748    32   216
    7     5 5413207  7785    32   217
    8     5 5413171  7820    32   218
    9     5 5413142  7848    32   219
   10     5 5413136  7854    32   219
   11     5 5413109  7876    32   224
   12     5 5413084  7897    32   228
   13     5 5413066  7914    32   229
   14     5 5413045  7932    32   232
   15     5 5413022  7955    32   232
   16     5 5413004  7973    32   232
   17     5 5412992  7985    32   232
   18     5 5412984  7992    32   233
   19     5 5412974  8002    32   233
   20     5 5412960  8015    32   234
   21     5 5412932  8042    32   235
   22     5 5412909   370  7727   235
   23     5 5412895   384  7727   235
   24     5 5412889   390  7727   235
   25     5 5412877   402  7727   235
   26     5 5412858   421  7727   235
   27     5 5412840   439  7727   235
   28     5 5412830   448  7727   236
   29     5 5412819   459  7727   236
   30     5 5412804   474  7727   236
   31     5 5412801   477  7727   236
    1     6 5412795   483  7727   236
    2     6 5412786   491  7727   237
