% month | date | suspected | active cases | cummulative recovered | cummulative death
   15     2 10099264     1     0     0
   16     2 10099264     1     0     0
   17     2 10099264     1     0     0
   18     2 10099264     1     0     0
   19     2 10099264     1     0     0
   20     2 10099264     1     0     0
   21     2 10099264     1     0     0
   22     2 10099264     1     0     0
   23     2 10099264     1     0     0
   24     2 10099264     1     0     0
   25     2 10099264     1     0     0
   26     2 10099263     2     0     0
   27     2 10099258     7     0     0
   28     2 10099254    11     0     0
   29     2 10099252    13     0     0
    1     3 10099251    14     0     0
    2     3 10099250    15     0     0
    3     3 10099235    29     1     0
    4     3 10099213    51     1     0
    5     3 10099171    93     1     0
    6     3 10099128   136     1     0
    7     3 10099104   160     1     0
    8     3 10099062   202     1     0
    9     3 10099005   259     1     0
   10     3 10098910   354     1     0
   11     3 10098765   498     1     1
   12     3 10098578   685     1     1
   13     3 10098451   812     1     1
   14     3 10098304   958     1     2
   15     3 10098225  1036     1     3
   16     3 10098144  1113     1     7
   17     3 10098069  1187     1     8
   18     3 10097964  1276    15    10
   19     3 10097826  1412    16    11
   20     3 10097626  1607    16    16
   21     3 10097495  1734    16    20
   22     3 10097331  1897    16    21
   23     3 10097219  2003    16    27
   24     3 10096966  2243    16    40
   25     3 10096739  2448    16    62
   26     3 10096425  2747    16    77
   27     3 10096196  2948    16   105
   28     3 10095818  3326    16   105
   29     3 10095565  3574    16   110
   30     3 10095237  3866    16   146
   31     3 10094830  4239    16   180
    1     4 10094318  4605   103   239
    2     4 10093697  5157   103   308
    3     4 10093134  5568   205   358
    4     4 10092822  5865   205   373
    5     4 10092435  6224   205   401
    6     4 10092059  6524   205   477
    7     4 10091572  6897   205   591
    8     4 10090846  7527   205   687
    9     4 10090124  8143   205   793
   10     4 10089580  8434   381   870
   11     4 10089114  8883   381   887
   12     4 10088782  9203   381   899
   13     4 10088317  9648   381   919
   14     4 10087820 10031   381  1033
   15     4 10087338 10343   381  1203
   16     4 10086725 10657   550  1333
   17     4 10086049 11266   550  1400
   18     4 10085443 11761   550  1511
   19     4 10084880 12295   550  1540
   20     4 10084488 12647   550  1580
   21     4 10083943 13007   550  1765
   22     4 10083261 13517   550  1937
   23     4 10082510 14184   550  2021
   24     4 10081698 14865   550  2152
   25     4 10081088 14980  1005  2192
   26     4 10080625 15441  1005  2194
   27     4 10080339 15647  1005  2274
   28     4 10079644 16261  1005  2355
   29     4 10078963 16835  1005  2462
   30     4 10078173 17501  1005  2586
    1     5 10077745 17862  1005  2653
    2     5 10077183 18408  1005  2669
    3     5 10076948 18633  1005  2679
    4     5 10076544 15878  4074  2769
    5     5 10076049 16288  4074  2854
    6     5 10075347 16903  4074  2941
    7     5 10074642 16612  4971  3040
    8     5 10074000 17119  4971  3175
    9     5 10073344 17730  4971  3220
   10     5 10072943 18126  4971  3225
   11     5 10072595 18443  4971  3256
   12     5 10071993 18988  4971  3313
   13     5 10071356 19478  4971  3460
   14     5 10070683 20082  4971  3529
   15     5 10070058 20590  4971  3646
   16     5 10069588 21032  4971  3674
   17     5 10069122 21493  4971  3679
   18     5 10068888 21708  4971  3698
   19     5 10068466 22085  4971  3743
   20     5 10067742 22721  4971  3831
   21     5 10067093 23330  4971  3871
   22     5 10066456 23913  4971  3925
   23     5 10066077 24225  4971  3992
   24     5 10065806 24490  4971  3998
   25     5 10065422 24843  4971  4029
   26     5 10064825 25344  4971  4125
   27     5 10064177 25897  4971  4220
   28     5 10063538 26490  4971  4266
   29     5 10062789 27155  4971  4350
   30     5 10062152 27747  4971  4395
   31     5 10061723 28176  4971  4395
    1     6 10061451 28440  4971  4403
    2     6 10060676 25824  8297  4468
